,0,1,2
AACTCTTGGAGGGT-1,0.16317297821406737,0.1510812989644374,0.6857457228214953
AACTGTCTACCAAC-1,0.24480377153091545,0.24043119128363533,0.5147650371854492
AACTGTCTAGTCGT-1,0.3333333333333333,0.3333333333333333,0.3333333333333333
AACTGTCTATGCCA-2,0.2437042163824088,0.24108169041092473,0.5152140932066664
AACTGTCTGTTTCT-1,0.10085618574886067,0.12761825976368057,0.7715255544874587
AACTGTCTTCGTAG-1,0.2514333103727598,0.3794601113467363,0.3691065782805039
AACTGTCTTCTTAC-1,0.3300172260599939,0.33482711820884564,0.3351556557311605
AACTGTCTTGTGAC-2,0.2899018754534845,0.10752111172378058,0.6025770128227349
AACTTGCTACCTTT-1,0.2892105391561272,0.2844807946268065,0.4263086662170663
AACTTGCTAGACTC-1,0.1017922302089876,0.709553119928659,0.1886546498623533
AACTTGCTAGCATC-1,0.3460341979876621,0.0005279048680490185,0.6534378971442888
AACTTGCTATAAGG-1,0.2495762485500155,0.1849949691880513,0.5654287822619332
AACTTGCTCAGTCA-2,0.2699007027812438,0.7276844449710655,0.002414852247690605
AACTTGCTCTACGA-1,0.14800525032242487,0.0002415516948406421,0.8517531979827345
AACTTGCTGACAAA-1,0.3333333333333333,0.3333333333333333,0.3333333333333333
AACTTGCTGCCCTT-1,0.33333589141684045,0.3334203202842344,0.3332437882989251
AACTTGCTTGATGC-1,0.20906595965859562,0.22421438427838664,0.5667196560630178
AACTTGCTTGGAGG-1,0.022636922125654376,0.9137085272882793,0.06365455058606614
AACTTGCTTTCTCA-1,0.30391756900121497,0.0006018127820393784,0.6954806182167456
AAGAACGAAAGTAG-1,0.40429138876952136,0.24407144035246467,0.35163717087801405
AAGAACGAAGTACC-2,0.10464524126950377,0.8953447690336434,9.989696852942682e-06
AAGAACGACCTCCA-2,0.000674938802086325,4.851134708156713e-08,0.9993250126865667
AAGAACGACGATAC-1,0.3333333333333333,0.3333333333333333,0.3333333333333333
AAGAACGACTCCCA-2,0.2612760875784129,6.933978404288711e-07,0.7387232190237467
AAGAACGAGACTAC-2,0.1706370224008373,0.41294024806919877,0.41642272952996395
AAGAACGAGGTAAA-1,0.2610878727943922,0.23459228568013898,0.5043198415254688
AAGAACGATAGTCG-1,0.32955971298853043,0.3285861110149674,0.34185417599650214
AAGAACGATCCTTA-2,0.023223479238457065,0.9225484540589399,0.05422806670260287
AAGAACGATCTAGG-1,0.5163422771987246,0.23667425422939983,0.2469834685718756
AAGAACGATCTCTA-2,0.3189118030422645,0.3498850617934545,0.331203135164281
AAGAAGACACACAC-2,0.2919877819910655,0.3533052568604455,0.35470696114848893
AAGAAGACATGACC-1,0.24309742299373815,0.2403225308958655,0.5165800461103963
AAGAAGACCCTATT-2,0.40017887490691956,0.5586408835007876,0.04118024159229299
AAGAAGACGCCTTC-1,0.09388122235477939,0.4436759417110162,0.4624428359342044
AAGAAGACGGTCTA-1,0.007376923921428945,0.8697290180145065,0.12289405806406446
AAGAAGACTGGTAC-2,0.26059434797519115,0.001452883042191359,0.7379527689826175
AAGAATCTCAGTTG-2,0.27805796815198897,0.3296595226914882,0.3922825091565228
AAGAATCTCCTCCA-1,0.29239267494342663,0.353802704019013,0.35380462103756033
AAGAATCTGGCAAG-1,0.1530348876415332,0.3742268511901569,0.47273826116830997
AAGAATCTGGTGAG-2,0.22128988694676027,0.3500316804361932,0.4286784326170465
AAGAATCTGTATCG-2,0.3527634242189677,0.22110892559841064,0.42612765018262166
AAGAATCTTGAACC-2,0.1700168972874324,0.00010683097203560341,0.829876271740532
AAGAATCTTGCCAA-2,0.1690975914218905,0.3839102705280876,0.44699213805002186
AAGAATCTTGTGCA-1,0.2651779846782287,0.37595059326263774,0.3588714220591336
AAGACAGAAAGGTA-2,0.2035037844287567,0.49441240632603495,0.30208380924520833
AAGACAGAACCTGA-2,0.07210472356590454,0.4139173415312826,0.5139779349028128
AAGACAGAAGTGCT-1,0.05550397021085176,0.9441985640680581,0.0002974657210902248
AAGACAGAGAAAGT-2,0.1751972834323083,0.4644624445149069,0.3603402720527848
AAGACAGAGCAGAG-1,0.2926246508971414,0.34505555430154816,0.36231979480131044
AAGACAGAGCGTTA-1,0.30594644946457517,0.347030260541472,0.3470232899939529
AAGACAGAGGACTT-2,0.28726157986469103,0.35634424314785895,0.3563941769874499
AAGACAGAGGCGAA-1,0.1386409376432554,0.8608646567108962,0.0004944056458483697
AAGACAGATACAGC-1,0.3526504365257728,0.340615375849279,0.30673418762494814
AAGACAGATCAGGT-2,0.2848835004035639,0.35798528994141876,0.35713120965501727
AAGAGATGACGGTT-1,0.3981928744910217,0.4738893087573498,0.1279178167516285
AAGAGATGATACCG-1,0.5430776418356775,0.2398097915192637,0.21711256664505882
AAGAGATGCAGATC-1,0.307991004155263,0.33823493896172085,0.35377405688301616
AAGAGATGCATGAC-2,0.2430832058679376,9.911077034334704e-07,0.756915803024359
AAGAGATGGCATCA-1,0.042342592836532265,0.9316202623945233,0.026037144768944257
AAGAGATGGGGCAA-1,0.2920807031671153,1.6966308999590924e-06,0.7079176002019847
AAGAGATGGTGAGG-1,0.33326783996618004,0.3335997228322528,0.3331324372015672
AAGAGATGTCCCAC-1,0.0759946864440342,0.0057179586636697125,0.9182873548922962
AAGATGGAACTGTG-1,0.1966709076107109,0.802161764911805,0.0011673274774840266
AAGATGGAATACCG-2,0.32090391042849026,0.24255859185533551,0.43653749771617417
AAGATGGACCTCGT-2,0.12701971101303988,0.7955797617857764,0.07740052720118384
AAGATGGAGAACTC-1,0.37541373473708534,0.5751849493273137,0.049401315935600945
AAGATGGATAAGGA-1,0.013417591177065924,0.9826520397037783,0.003930369119155863
AAGATGGATTGTCT-2,0.20743616005269785,0.3953770577971309,0.3971867821501713
AAGATTACACGTGT-1,0.2762320209217224,0.33250831725441854,0.39125966182385913
AAGATTACAGATGA-1,0.04210352716968646,0.7478160788995337,0.2100803939307797
AAGATTACAGTCTG-2,0.3103181024057955,0.3457045700616923,0.34397732753251214
AAGATTACCTTCCG-2,0.2806422746069506,0.3594456422428192,0.35991208315023016
AAGATTACGCCTTC-2,0.27958886003195915,0.29407275592764365,0.4263383840403972
AAGATTACGTACGT-2,0.17021222611137687,0.25855614678923183,0.5712316270993912
AAGATTACTGTAGC-1,0.12796727157153776,0.16982088366798476,0.7022118447604775
AAGATTACTTCATC-2,0.4187576164834559,0.5694886690960719,0.01175371442047215
AAGCAAGAACCGAT-1,0.1703310821656735,0.5711951097235352,0.2584738081107913
AAGCAAGAATCGTG-1,0.24363971048216052,0.3282449662181767,0.42811532329966284
AAGCAAGACGTCTC-2,0.3554521037315365,0.002539370285236853,0.6420085259832267
AAGCAAGACTGGAT-1,0.028832419948108055,5.634198712557779e-10,0.9711675794884721
AAGCAAGAGAAACA-2,0.11312223819697989,0.7451275566446861,0.14175020515833386
AAGCAAGAGATACC-1,0.322400276308572,0.3387884141281477,0.33881130956328026
AAGCAAGAGATAGA-1,0.2300536962170534,0.25108933201661765,0.5188569717663291
AAGCAAGAGGTTAC-1,0.26744481678504417,0.4890495703640082,0.2435056128509476
AAGCAAGAGTACGT-2,0.0006471082046281491,0.9992564927300654,9.639906530636941e-05
AAGCAAGATATCGG-2,0.13282313404227394,0.7132512410642269,0.15392562489349906
AAGCAAGATGTGGT-1,0.13414866974912193,0.7332478173173838,0.13260351293349434
AAGCAAGATTTGTC-1,0.24784453385778177,0.12757740749016602,0.6245780586520522
AAGCACTGATCTCT-1,0.3396672513284478,0.33464097308500873,0.32569177558654355
AAGCACTGCAAAGA-1,0.3545603428846573,0.6360943612491359,0.009345295866206714
AAGCACTGCAGGAG-2,0.23950403424384376,0.386611109745801,0.37388485601035526
AAGCACTGCGATAC-2,0.003837932495939867,0.5543447239653663,0.44181734353869395
AAGCACTGCGCAAT-2,0.28077757448776974,0.7181540212130515,0.00106840429917873
AAGCACTGCTCGAA-1,0.31233434235107793,0.21451859425058833,0.4731470633983337
AAGCACTGGCGAGA-1,0.34696409560310787,0.005689269859851857,0.6473466345370402
AAGCACTGTCGTGA-2,0.20701986795709595,0.016256216682819777,0.7767239153600842
AAGCACTGTTGGTG-1,0.48138190427766925,0.4878376256450268,0.030780470077303883
AAGCACTGTTGTGG-2,0.17960827404837737,0.0032790966570997986,0.8171126292945229
AAGCCAACACACGT-2,0.18408877579285737,0.1630291039590967,0.6528821202480459
AAGCCAACAGTACC-1,0.07040999512890851,0.3306537504506301,0.5989362544204614
AAGCCAACAGTACC-2,0.00031817184644905203,1.1150146107676225e-09,0.9996818270385364
AAGCCAACATTCCT-1,0.13213606058430685,0.0013520406486657744,0.8665118987670273
AAGCCAACCATTTC-2,0.22282549045526925,0.37771011041038,0.39946439913435083
AAGCCAACCGATAC-1,0.42028896475382976,0.021809857242835615,0.5579011780033346
AAGCCAACCGTCTC-1,0.2706776790205235,0.49833696563123786,0.2309853553482386
AAGCCAACCTAGAC-2,0.38664949382233404,0.24260152300194873,0.37074898317571725
AAGCCAACGCCCTT-2,0.4143873067937299,0.15677913392580897,0.4288335592804611
AAGCCAACTCTCGC-2,0.18020845286595216,0.819783764918229,7.782215818798092e-06
AAGCCAACTGTCAG-1,0.29239267494342663,0.353802704019013,0.35380462103756033
AAGCCATGAACCAC-1,0.24008337117949863,0.5239354105645899,0.23598121825591145
AAGCCATGAGTCGT-1,0.06752057651471895,2.8066009245602056e-07,0.9324791428251886
AAGCCATGAGTTCG-2,0.31885161365322334,0.3544742998832277,0.32667408646354895
AAGCCATGGCCTTC-2,0.27128372293020286,0.5035049274091071,0.22521134966069
AAGCCATGGCGGAA-1,0.037132952478804555,0.5376913106100237,0.42517573691117166
AAGCCATGGTCTTT-1,0.36547064161111464,0.17653768704229642,0.4579916713465889
AAGCCATGGTTGAC-1,0.1659334885324473,3.958501023085305e-06,0.8340625529665295
AAGCCATGGTTTCT-1,0.21341677208347953,0.12260735664523457,0.6639758712712859
AAGCCATGTCGACA-2,0.035409015185746615,0.10662784264636438,0.8579631421678889
AAGCCATGTGACAC-1,0.20545014847598486,0.390353994643887,0.40419585688012816
AAGCCTGAACTTTC-1,1.028622700208536e-08,0.999999989078351,6.354220253532675e-10
AAGCCTGAGACGAG-1,0.44454209205720624,0.22356822845634225,0.3318896794864515
AAGCCTGAGGTGTT-1,0.03855739727812166,0.10681560391036166,0.8546269988115167
AAGCCTGATCTTTG-2,0.16311956337977776,0.0003372856359109933,0.8365431509843113
AAGCCTGATTTGCT-1,0.24187540883921665,0.3790708639718472,0.3790537271889361
AAGCGACTAGAGTA-1,0.19129204515224887,0.5528473750046302,0.25586057984312094
AAGCGACTAGTCAC-2,0.2577915874417681,0.3711070268051391,0.3711013857530928
AAGCGACTGGTAAA-1,0.31037117201047043,0.34480685461609945,0.3448219733734301
AAGCGTACATCACG-1,0.25556215568623325,0.2007105981603922,0.5437272461533746
AAGCGTACATTGGC-1,0.24420749995939312,0.3779406397190025,0.3778518603216044
AAGCGTACCTTCTA-1,0.2984528968617787,0.4858272266880144,0.21571987645020682
AAGCGTACGAGACG-1,0.27213086186049484,0.36509778574840024,0.362771352391105
AAGCGTACGCTATG-1,0.3086606871695884,0.3467750830117992,0.34456422981861234
AAGCGTACGTAAGA-1,0.146033010611869,0.0007374438296746123,0.8532295455584564
AAGCGTACGTCACA-1,0.24596514520325033,0.1745267532283339,0.5795081015684158
AAGCGTACGTCTTT-2,0.09657137502676162,0.45540844998896063,0.4480201749842777
AAGCGTACTCTTAC-1,0.18492992728803867,0.5324304335471456,0.2826396391648157
AAGCGTACTTCCAT-2,0.3463238980139669,0.4853260532280456,0.16835004875798745
AAGGCTACAAGTGA-1,0.22234946241316966,0.0013340505902800675,0.7763164869965503
AAGGCTACACCAGT-2,0.32958010186002495,0.5720587563622316,0.09836114177774356
AAGGCTACAGGAGC-2,0.39713592371491635,0.2594040490788243,0.3434600272062594
AAGGCTACAGTCGT-2,0.4472194070443455,0.006175850007045352,0.5466047429486092
AAGGCTACCTGAGT-1,0.29871134444134756,0.3418468409204126,0.3594418146382399
AAGGCTACTCAGTG-2,0.41716833720108115,3.708904354721588e-06,0.5828279538945641
AAGGCTTGAGGGTG-2,0.2305585903856316,0.3822681644411029,0.38717324517326557
AAGGCTTGATTGGC-1,0.39871639370252376,0.0005053376915904462,0.6007782686058857
AAGGCTTGGAAAGT-1,0.16635389218944874,0.0009752081767525928,0.8326708996337986
AAGGCTTGGCATAC-2,0.27394955417499794,0.3630352793497535,0.3630151664752486
AAGGCTTGGTTACG-1,0.004301763211451064,4.5767698728393545e-06,0.9956936600186761
AAGGCTTGTGGAGG-2,0.22233081330342244,0.38883486493312835,0.38883432176344923
AAGGTCACAAGATG-2,0.03253782234011026,3.4628687367450193e-06,0.967458714791153
AAGGTCACACCCAA-2,0.07167250235016233,0.9221054352029924,0.00622206244684528
AAGGTCACACGACT-1,0.1633656400161051,0.07465202401459538,0.7619823359692997
AAGGTCACCAAAGA-2,0.007765249527795727,0.6858390270457447,0.3063957234264595
AAGGTCACCGCTAA-2,0.01060448253796538,0.06766225619759504,0.9217332612644397
AAGGTCACGTTTCT-1,0.6110422617828523,0.38833045086240514,0.0006272873547426346
AAGGTCACTAGCCA-1,0.2681959857810581,0.36590623943130646,0.36589777478763547
AAGGTCACTCCCGT-1,0.05146602085628798,0.7789956062058409,0.1695383729378711
AAGGTCTGGAAACA-1,0.005851163022139362,0.9540148412316635,0.04013399574619721
AAGGTCTGGAATAG-2,0.16135332026280447,0.41907172498386264,0.4195749547533328
AAGGTCTGTCCTTA-2,0.3333333333333333,0.3333333333333333,0.3333333333333333
AAGGTGCTACACTG-1,0.2360881590359531,0.3841823712812314,0.3797294696828155
AAGGTGCTCAACCA-1,0.3246902700631894,0.3901893215689816,0.285120408367829
AAGGTGCTCAAGCT-1,8.470950543081987e-05,0.9999152903896231,1.0494604898341584e-10
AAGGTGCTCGAGTT-1,0.3463076407833803,0.2996387001109154,0.35405365910570424
AAGGTGCTCTCTTA-1,0.4373397565133759,0.3190667811766065,0.2435934623100176
AAGGTGCTGGGAGT-1,0.15272120866828465,0.0005119562772533093,0.846766835054462
AAGGTGCTGGTACT-2,0.32007568017423077,0.25050722085342636,0.4294170989723428
AAGGTGCTGTACGT-1,0.11404694996183537,1.0465579935175996e-07,0.8859529453823652
AAGGTGCTGTATCG-1,0.07777717324787166,0.4610259828407757,0.4611968439113527
AAGGTGCTGTTTCT-1,0.196904881817407,0.35527887615736253,0.4478162420252305
AAGTAACTAAAAGC-1,0.2173041436390546,0.3913355970332245,0.3913602593277209
AAGTAACTCCTGTC-1,0.3115821491918307,0.34603393582949227,0.34238391497867704
AAGTAACTGGTTTG-2,0.17499607314027027,1.816613277509212e-06,0.8250021102464522
AAGTAGGAAACCGT-1,0.29150403388070756,0.35424640727298334,0.35424955884630904
AAGTAGGAAACCGT-2,0.27880801040582,0.35536072639755983,0.36583126319662024
AAGTAGGAACCCAA-2,0.31561380159459534,0.5557555628041128,0.12863063560129193
AAGTAGGACAAGCT-1,0.45233678475352346,0.0811419131492995,0.4665213020971771
AAGTAGGACACCAA-2,0.1699577687069195,0.5666020279632794,0.26344020332980106
AAGTAGGACTGTGA-1,0.044327380614733285,0.9236790366202948,0.03199358276497176
AAGTAGGATCGTAG-1,0.20185979100502116,0.6743844916681867,0.12375571732679216
AAGTATACAAGAGT-1,0.24988113508333556,0.37529814515864607,0.37482071975801834
AAGTATACAATCGC-1,0.23106534572796,0.6084087199453901,0.16052593432664986
AAGTATACAGAATG-1,0.2666109217409667,0.3667265198476044,0.3666625584114289
AAGTATACGAATGA-1,0.1371207657498801,0.40062922410941204,0.4622500101407078
AAGTATACGCCCTT-1,0.10337838388936764,0.15603587084064596,0.7405857452699863
AAGTATACTATGGC-1,0.5654469324464338,0.4244392692799152,0.010113798273650805
AAGTATACTCGACA-1,0.21105745358361036,6.493605960676365e-05,0.7888776103567829
AAGTCCGAAGAGTA-2,0.17917943762155605,0.6511108601191262,0.16970970225931778
AAGTCCGAAGGCGA-2,0.13052104063549586,0.4433452850138553,0.4261336743506488
AAGTCCGACCACCT-2,0.30491752024135804,2.569807823985959e-05,0.6950567816804021
AAGTCCGAGAGACG-1,0.3276982392082167,0.6709585803260224,0.001343180465760835
AAGTCCGAGATAAG-1,0.16897409884431644,0.4054499671163879,0.4255759340392956
AAGTCCGAGCATCA-1,0.3310901081382977,0.4138595351348175,0.25505035672688475
AAGTCCGATCCCAC-2,0.23959440724468078,0.3802030124962902,0.38020258025902903
AAGTCCGATGCTCC-1,0.2557661168084155,0.3729467734009122,0.37128710979067225
AAGTCTCTAAAAGC-1,0.010029928269771633,0.24736849189273385,0.7426015798374945
AAGTCTCTGCAGTT-2,0.27106351519396676,0.33326561619660655,0.3956708686094267
AAGTCTCTTAGCCA-1,0.8498469717193698,0.08747956461023551,0.06267346367039461
AAGTCTCTTCGCTC-2,0.03885570803517715,0.5734933544371452,0.3876509375276776
AAGTCTCTTCTTTG-1,0.3213596928386116,0.46392476060231697,0.21471554655907146
AAGTCTCTTGTCCC-1,0.1776848933880043,0.003135713185871462,0.8191793934261242
AAGTCTCTTTCGTT-2,0.3331105034036688,0.333377132174611,0.33351236442172016
AAGTGCACATAAGG-2,0.1904246878694178,0.6755227894708646,0.13405252265971762
AAGTGCACCACACA-1,0.28842342067297094,0.7099673967614327,0.0016091825655963515
AAGTGCACCCTGTC-1,0.00016661428493111935,1.743775368346454e-08,0.9998333682773152
AAGTGCACCTGTTT-1,0.3278657761609523,0.0025177961817043804,0.6696164276573433
AAGTGCACGGCAAG-1,0.25696304221247546,0.3285035202816686,0.414533437505856
AAGTGCACTACTGG-2,0.18991591619019021,0.0036131379199181037,0.8064709458898917
AAGTGCACTATTCC-2,0.32345147386754725,0.33827094635671084,0.3382775797757419
AAGTGCACTTATCC-1,0.23633835329061392,0.3818269768587069,0.38183466985067915
AAGTGGCTACGACT-1,0.3320354751334727,0.3339822491579126,0.3339822757086148
AAGTGGCTCAACCA-2,0.17801821372326196,0.027924831084492764,0.7940569551922452
AAGTGGCTCATTCT-2,0.028579739417452753,0.7110552127456449,0.2603650478369023
AAGTGGCTCCTTCG-2,0.3093440873930404,0.34531394718407954,0.34534196542288
AAGTGGCTGACGAG-1,0.36687351420303305,0.1773637911364177,0.45576269466054936
AAGTGGCTGCGAAG-2,0.09234783444519899,0.9076509811692326,1.184385568358088e-06
AAGTGGCTTGTTTC-1,0.2757138274161384,0.21359241766944456,0.510693754914417
AAGTTATGAACAGA-2,0.01674786339191352,0.8110219316626137,0.1722302049454727
AAGTTATGCTCCCA-1,0.022912675782595156,9.117146326729413e-08,0.9770872330459417
AAGTTATGCTCTCG-2,0.0801523330116306,1.765985977270282e-07,0.9198474903897716
AAGTTATGGAGCAG-1,0.5917788804543036,0.0011343730265022923,0.40708674651919413
AAGTTATGTAACGC-1,2.7028285803589216e-05,0.9994168731752774,0.0005560985389190837
AAGTTATGTGGCAT-1,0.24176263438821743,0.4482226333743837,0.31001473223739884
AAGTTATGTTGTCT-2,0.33572099531866934,0.6388406665242389,0.02543833815709187
AAGTTCCTACCAAC-2,0.2632062988236166,0.3979149935838127,0.3388787075925706
AAGTTCCTAGCGGA-2,0.2823757308357674,0.7153874254067324,0.0022368437575002536
AAGTTCCTCCAACA-2,0.29608221712047833,0.22861345362542362,0.475304329254098
AAGTTCCTCTATTC-1,0.30412419830043336,0.35819411801747136,0.33768168368209533
AAGTTCCTCTCGAA-1,0.25023351411784667,0.4683159607181002,0.28145052516405306
AAGTTCCTGACGTT-2,0.04242830266479049,0.4787670889597649,0.47880460837544464
AAGTTCCTGTCATG-1,0.2818368874393956,0.23325280104343116,0.4849103115171732
AAGTTCCTTAGCCA-2,0.3377232127877326,0.28617829075587253,0.37609849645639487
AAGTTCCTTCTTCA-2,0.006743839151211422,0.777178018776569,0.2160781420722196
AATAACACAAGATG-2,0.051317095762907015,0.10350233472052696,0.8451805695165661
AATAACACACTTTC-2,0.08878231979688397,0.12730399559482752,0.7839136846082886
AATAACACATCGGT-2,0.18748674633050005,0.39463382560946586,0.41787942806003403
AATAACACCCGCTT-1,0.37461397854911804,0.23980240994536176,0.3855836115055202
AATAACACGTCATG-1,0.2957242314079147,0.35297359450666,0.35130217408542536
AATAACACTACTGG-1,0.49587527734130116,0.4727069365319939,0.03141778612670506
AATAACACTAGAAG-2,0.30417158402301886,0.27047365053497957,0.42535476544200157
AATAACACTGGGAG-1,0.2620179652073983,0.36923852506125293,0.3687435097313488
AATAACACTTGACG-2,0.1494001850315273,0.4866343722191533,0.3639654427493194
AATAAGCTAAGAAC-2,0.3107304851359732,0.3459454166866326,0.34332409817739423
AATAAGCTACCAAC-2,0.37607173708731845,0.09743655080655153,0.52649171210613
AATAAGCTAGTCTG-1,0.004537536054873598,0.847507818469851,0.14795464547527531
AATAAGCTCCAAGT-1,0.016787075647803833,0.9832108760838312,2.0482683651069733e-06
AATAAGCTGAATAG-1,0.38436083952761246,0.298046913237012,0.3175922472353756
AATAAGCTGACGGA-1,0.016401742145815475,0.974736668701147,0.008861589153037438
AATAAGCTGACGTT-1,0.12324323923419214,0.43873996354835804,0.4380167972174499
AATAAGCTGGAGTG-2,0.15293400748635813,0.16205118039643973,0.6850148121172022
AATAAGCTGGTAGG-1,0.3213596928386116,0.46392476060231697,0.21471554655907146
AATAAGCTGGTCAT-1,0.38007359576051714,0.1305983645783578,0.4893280396611251
AATAAGCTGTTACG-1,0.27625698398338666,0.22803231173452246,0.4957107042820909
AATAAGCTTCACCC-1,0.02305621672559635,1.7242670394455132e-06,0.9769420590073641
AATACCCTATCGTG-1,0.058947127573066804,0.3387623368558976,0.6022905355710356
AATACCCTGGTCAT-2,0.2538938161518151,0.3733306145220808,0.3727755693261041
AATACCCTGTGTAC-2,0.11621206557374857,0.8487736304843572,0.03501430394189434
AATACCCTGTTTCT-2,0.08697774432681457,0.7069043167380225,0.20611793893516298
AATACCCTTCAGTG-1,0.2274631830706655,0.24774532156720352,0.524791495362131
AATACTGAAACGAA-1,0.06810331878969553,0.4287669490011534,0.5031297322091511
AATACTGACCGATA-1,0.24243914289001395,0.75696266595854,0.0005981911514461762
AATACTGACGTTAG-1,0.11183326839528623,0.5113501871006529,0.3768165445040609
AATACTGATAGACC-2,0.18814593087518913,0.4051934518165047,0.4066606173083061
AATACTGATCTCAT-2,0.9465345553796859,0.032926779467299404,0.02053866515301462
AATACTGATGCGTA-1,0.09558281963223689,0.2937174731240872,0.6106997072436758
AATACTGATTATCC-2,0.2398048089736251,0.3826091166469849,0.37758607437938996
AATACTGATTTCAC-1,0.3093440873930404,0.34531394718407954,0.34534196542288
AATAGGGAAAGAAC-1,0.21170399301720355,0.38928153180760444,0.399014475175192
AATAGGGAACACAC-1,0.37536005257515176,0.6246389081361815,1.0392886667404973e-06
AATAGGGAAGGTCT-1,0.018116200850911403,0.4560091028587284,0.5258746962903602
AATAGGGACACCAA-1,0.24350745126303258,0.6230417772342627,0.13345077150270476
AATAGGGACCTCCA-1,0.17792042709853895,0.7392939843515434,0.08278558854991759
AATAGGGAGGCGAA-1,0.17095451676252543,0.1997634830690455,0.6292820001684291
AATAGGGAGGTCTA-1,0.9988304274737022,0.0008469287606676825,0.0003226437656301164
AATAGGGATCTATC-2,0.07654754059504529,1.0764326946924392e-08,0.9234524486406278
AATAGGGATGACTG-1,0.2114273881810227,0.3943889335314587,0.3941836782875186
AATAGGGATTCAGG-1,0.2715950977229841,0.19912314597938574,0.5292817562976301
AATAGGGATTCGGA-1,0.07309541581969398,0.9042018959193157,0.022702688260990353
AATATCGAACGTTG-1,0.24069684004390268,0.6764815138968101,0.08282164605928732
AATATCGACCATGA-1,0.24726348043907415,0.3697160747191247,0.3830204448418011
AATATCGACCTGAA-1,0.16005045661800837,0.8395177262653047,0.00043181711668678293
AATATCGACTGATG-1,0.31658264022173493,0.6802950257137685,0.0031223340644964803
AATATCGAGCGGAA-2,0.3081504531555207,0.3461431323983027,0.3457064144461766
AATATCGATATGCG-1,0.19545387005128076,0.5176790408758468,0.2868670890728724
AATATCGATCGTAG-1,0.17549983690856188,0.8207649747658411,0.0037351883255970055
AATATCGATGATGC-1,0.26849118177265907,0.7281627453594344,0.00334607286790658
AATCAAACACGTGT-1,0.0015858742001766623,0.11867489495843293,0.8797392308413904
AATCAAACCTAGAC-1,0.3566803562633341,0.3370203625275217,0.3062992812091442
AATCAAACGGATTC-1,0.3258023972785954,0.3318062329851566,0.342391369736248
AATCAAACGTCACA-2,0.3031569148908304,0.34841524922931066,0.3484278358798589
AATCAAACGTGAGG-1,0.22598464511434968,0.6372024108979772,0.13681294398767307
AATCAAACGTTCAG-1,0.004146385672895122,0.3078256818802213,0.6880279324468836
AATCAAACTTCATC-1,0.291163431443394,0.31442253496453,0.39441403359207594
AATCAAACTTCCCG-2,0.2323932707096629,0.71216814070583,0.055438588584507044
AATCCGGAAACCGT-2,0.17433516734347565,0.40199314059438973,0.42367169206213456
AATCCGGACCACCT-1,0.048159484307802536,0.9517611747121838,7.934098001380304e-05
AATCCGGACCTACC-1,0.28856436450496337,0.23087675246994835,0.48055888302508826
AATCCGGACTGAAC-1,0.2929551158287999,0.4588873352740128,0.24815754889718727
AATCCGGAGAAAGT-1,3.562441588932682e-06,1.11361150076758e-07,0.999996326197261
AATCCGGAGCTGTA-2,0.24678644812147943,0.0012904802514887212,0.7519230716270319
AATCCGGATCGACA-1,0.013152578413340438,0.9865627422517671,0.00028467933489234354
AATCCGGATCGCAA-1,0.25164104107265883,0.5235932006681537,0.2247657582591875
AATCCGGATTGGTG-1,0.08868045163190696,0.0034860932036378574,0.9078334551644552
AATCCTACCCATAG-2,0.23443442579502788,0.4848043679995571,0.280761206205415
AATCCTACCGGGAA-1,1.2296267025728873e-06,0.9999987655979029,4.775394641642817e-09
AATCCTACTATGCG-2,0.28006582167263644,0.3633004475902595,0.3566337307371041
AATCCTACTGGGAG-1,0.2923114313027485,0.33940018064822775,0.36828838804902386
AATCCTTGAACCGT-2,0.009128968955825214,0.5834822743680599,0.40738875667611496
AATCCTTGCCAGTA-2,0.6293136380371526,0.001190752929541849,0.3694956090333055
AATCCTTGCGAATC-1,0.29220023177997323,0.3537267032847556,0.35407306493527113
AATCCTTGGCAAGG-1,0.18284188581494515,3.764549723310867e-05,0.8171204686878218
AATCCTTGGCGAGA-2,0.3284966936977158,0.3351423159798612,0.336360990322423
AATCCTTGGCGATT-2,0.023122800706866082,0.6723853361993063,0.30449186309382764
AATCCTTGGGTGAG-1,0.20178422138084118,0.0032098421913237503,0.7950059364278351
AATCCTTGGTTAGC-1,0.1605728516029379,0.34960429035266105,0.489822858044401
AATCCTTGTCCCAC-1,0.41120506025616743,0.5667189782860312,0.022075961457801323
AATCCTTGTTACCT-1,0.23286879665739074,0.38420175925587047,0.38292944408673885
AATCGGTGCCTTTA-1,0.06836829162419238,0.22220842425264103,0.7094232841231667
AATCGGTGGAGAGC-1,0.2683272820707268,0.3660840854859565,0.36558863244331674
AATCGGTGGAGGAC-1,0.09437036503574633,0.905629427081804,2.078824494826419e-07
AATCGGTGGCGTAT-1,0.23902475217583802,0.14049623615435328,0.6204790116698087
AATCGGTGTGTCGA-1,0.2559568026672513,0.5142562654590849,0.22978693187366384
AATCGGTGTTGAGC-1,0.2494956922337007,0.4535089414249606,0.2969953663413386
AATCTAGAATCTCT-1,0.3396216384844757,0.3334487579810796,0.32692960353444467
AATCTAGACCATGA-1,0.19003346026420562,0.5303529903878008,0.27961354934799354
AATCTAGACCTCCA-2,0.35005473251271557,0.6487959137768777,0.0011493537104067335
AATCTAGAGATACC-2,0.30234673725292716,0.34861527061175973,0.349037992135313
AATCTAGAGCAGAG-2,0.15761320353617425,3.0361788792171065e-05,0.8423564346750336
AATCTAGAGGCAAG-1,0.21683029424647987,0.40611842089309746,0.3770512848604227
AATCTAGATCATTC-2,0.06662757467236717,0.9159655827348684,0.017406842592764375
AATCTAGATCTATC-2,0.2801636808371263,0.3582419000234077,0.361594419139466
AATCTCACCTCGAA-1,0.3667689775072003,0.01097950006435968,0.6222515224284401
AATCTCACGGACTT-1,0.3333333333333333,0.3333333333333333,0.3333333333333333
AATCTCACGGTCAT-2,0.08060113363916765,0.00025915767536853674,0.9191397086854639
AATCTCACGTTGTG-1,0.004063891043418886,0.796552446935572,0.199383662021009
AATCTCTGACCCTC-2,0.3105326224032796,0.3446864712970211,0.34478090629969926
AATCTCTGACCTCC-2,0.05515538339166361,0.9448446141044418,2.5038946732703343e-09
AATCTCTGCCCTAC-1,0.2670931332893833,0.36653010921910717,0.36637675749150955
AATCTCTGCTCTCG-2,0.028224344000570285,0.6167828250501609,0.3549928309492687
AATCTCTGGGGAGT-1,0.2076036857375535,0.39592222210271305,0.39647409215973356
AATCTCTGTCCTCG-2,0.3333333333333333,0.3333333333333333,0.3333333333333333
AATCTCTGTGGTTG-1,0.2745182161193114,0.0013563024060137348,0.7241254814746749
AATCTCTGTTGTGG-1,0.024140981712833562,0.6592828712105505,0.3165761470766159
AATGAGGAAGGCGA-2,0.26536601985175706,0.669876308346922,0.06475767180132089
AATGAGGACACACA-1,0.2668852769720577,0.23644105673780388,0.4966736662901383
AATGAGGACCGCTT-1,0.2788243385606701,0.3605756240956955,0.3606000373436343
AATGAGGACGCATA-1,0.2129819068712106,0.6690479851367652,0.11797010799202425
AATGAGGATGCCTC-1,0.3333333333333333,0.3333333333333333,0.3333333333333333
AATGATACACTGGT-1,0.0050623953297893945,0.5866955621440958,0.4082420425261148
AATGATACAGCACT-1,0.3081504531555207,0.3461431323983027,0.3457064144461766
AATGATACAGTCGT-2,0.028937783936751147,0.42608653665277957,0.5449756794104692
AATGATACCCGCTT-2,0.2963473807173981,0.2978363961928612,0.4058162230897408
AATGATACCCGTAA-2,0.3831085665720635,0.38175784582929306,0.23513358759864342
AATGATACCTTGGA-2,0.3524923180175687,0.003731252597455295,0.643776429384976
AATGATACGACAGG-1,0.29528799565835256,0.5038422844498621,0.20086971989178531
AATGATACGTCGTA-1,0.061191343202383036,0.7094356190875131,0.2293730377101038
AATGATACTACTGG-1,0.05879966073795585,0.06298946529236706,0.8782108739696771
AATGATACTGAGAA-1,0.030592738995776268,0.00017757159411119447,0.9692296894101127
AATGATACTTATCC-1,0.16779169741658864,0.0014582911711746684,0.8307500114122367
AATGCGTGAGTAGA-2,0.27905147658526297,0.0006400228041465021,0.7203085006105906
AATGCGTGCCTACC-1,0.2588999850317567,0.37051044515623976,0.3705895698120035
AATGCGTGCTCAGA-2,0.429605666701661,0.5319100718248563,0.038484261473482724
AATGCGTGGGTGAG-1,0.1409436231506391,0.00335209674141856,0.8557042801079423
AATGCGTGTGGTTG-1,0.3317667999161712,0.4941594492511817,0.17407375083264703
AATGCGTGTGTGAC-1,0.2804120206845993,0.7148934346047802,0.004694544710620595
AATGCGTGTTTGTC-1,0.14055527235812276,0.4350249247094615,0.4244198029324158
AATGGAGAAGGAGC-2,0.19942724048895585,0.40091984437343486,0.3996529151376093
AATGGAGACACTGA-1,0.03434055917275472,1.560324887998998e-07,0.9656592847947566
AATGGAGACCTCCA-1,0.755490169268803,0.2223377813920913,0.022172049339105816
AATGGAGAGCTGAT-2,0.22294971174165712,0.33658248827561665,0.4404677999827262
AATGGAGAGCTTAG-2,0.255933435275079,0.2055285052521448,0.5385380594727762
AATGGAGATACTTC-2,0.3333333333333333,0.3333333333333333,0.3333333333333333
AATGGAGATAGACC-1,0.32673426957226265,0.33497203860694685,0.3382936918207905
AATGGAGATAGCGT-1,0.0291883311779977,0.9636991900676068,0.007112478754395355
AATGGAGATCAAGC-1,0.28261497062782365,0.264995767595767,0.45238926177640937
AATGGAGATCCGTC-1,0.38829579654267676,0.2430342055310186,0.36866999792630467
AATGGCTGACACGT-2,0.262451362702792,0.36922037027741583,0.3683282670197922
AATGGCTGACGCTA-1,0.10888998991067325,0.7674239430546329,0.12368606703469374
AATGGCTGATCTTC-1,0.5020596913749693,0.4567299427248147,0.041210365900216
AATGGCTGCCAATG-2,0.24667664589483249,0.3761682971788622,0.3771550569263053
AATGGCTGCCGCTT-1,0.48193365716893327,0.000900994474830699,0.517165348356236
AATGGCTGGGATTC-1,0.33324740344580545,0.3332854801828255,0.33346711637136905
AATGTAACAACCAC-1,0.29680018184148876,0.3515973990873791,0.35160241907113216
AATGTAACACAGCT-1,0.12906172876686073,0.8605150496732809,0.010423221559858357
AATGTAACCTCTCG-2,0.16023607933140382,0.00042016905672816657,0.839343751611868
AATGTAACGACGAG-1,0.2687157883180529,0.3921507103769705,0.33913350130497655
AATGTAACGAGCTT-1,0.169008376598113,0.7442286712551619,0.0867629521467251
AATGTAACTCCGAA-1,0.2794836431114543,0.6304590407363656,0.09005731615217999
AATGTAACTCGTAG-1,0.26149048633433597,0.3736598640462323,0.3648496496194318
AATGTAACTCTCTA-1,0.06870863000476898,0.027840814111039985,0.9034505558841911
AATGTCCTGCTGAT-2,0.00399581029956296,0.9636745651448353,0.03232962455560182
AATGTCCTTACGCA-2,0.28733981228813893,0.07559601512325861,0.6370641725886024
AATGTCCTTAGTCG-1,0.2431665552817788,0.3901890573218046,0.36664438739641664
AATGTCCTTATGGC-2,0.2826961702360931,0.3556120800194608,0.361691749744446
AATGTCCTTGTAGC-1,0.26627817480364696,0.3668561714294415,0.3668656537669116
AATGTTGACTAGTG-1,0.21943729253149777,0.0007245561409579902,0.7798381513275442
AATGTTGAGGACAG-1,0.18116287394042804,0.40921301386725795,0.40962411219231404
AATGTTGATCCTGC-1,0.5559735416096317,0.15109965818128554,0.2929268002090826
AATTACGAAAGGGC-2,0.23172058294015022,0.38530092604689725,0.38297849101295256
AATTACGAGCCCTT-1,0.022937729670891614,0.14149760101018682,0.8355646693189215
AATTACGATGCGTA-2,0.1398354613279205,0.19448561412560336,0.6656789245464761
AATTCCTGAGAAGT-1,0.1482672576804651,0.8491025805553963,0.0026301617641386224
AATTCCTGCCAACA-1,0.218088627508308,0.7066760474894762,0.07523532500221577
AATTCCTGCTACTT-2,0.3213596928386116,0.46392476060231697,0.21471554655907146
AATTCCTGGTCATG-2,0.008289952293256856,1.0286448286603904e-05,0.9916997612584565
AATTCCTGTTTACC-2,0.09426620313734364,0.45285526091598954,0.4528785359466669
AATTGATGCCTCGT-1,0.1959705905552927,0.0525667974136255,0.7514626120310818
AATTGATGGGAGGT-2,0.2578333796448091,0.37134387851015527,0.3708227418450356
AATTGATGGTCGTA-2,0.42493684830933526,0.5723286990733183,0.0027344526173464583
AATTGATGTAAGGA-1,0.34465272705832506,0.3359176340618486,0.3194296388798264
AATTGATGTGCACA-1,0.1622144889560543,0.602468544695024,0.23531696634892174
AATTGTGAAAGAGT-2,0.3333333333333333,0.3333333333333333,0.3333333333333333
AATTGTGAACGCTA-2,0.22198422413629101,0.3899399067971583,0.38807586906655067
AATTGTGAACGTAC-1,0.21412562641741356,0.5924395086462949,0.19343486493629145
AATTGTGAGGACGA-2,0.086061398702642,0.58974920307207,0.3241893982252881
AATTGTGATACGAC-2,0.2264350720693521,0.3841233981776795,0.3894415297529685
AATTGTGATCGATG-1,0.46665259427211575,0.00948190451716571,0.5238655012107186
ACAAAGGAAGTCAC-1,0.38646383553795155,0.19028698411749265,0.4232491803445558
ACAAAGGAATACCG-2,0.21037296188655855,0.1649479954733611,0.6246790426400803
ACAAAGGACTCTCG-1,0.03409805522430532,1.4882724540261866e-05,0.9658870620511544
ACAAAGGAGAGCAG-1,0.26911823018462366,0.3619893398959052,0.36889242991947113
ACAAAGGAGCGGAA-1,0.20010871365740884,0.5187574596487681,0.28113382669382303
ACAAAGGATGCAAC-1,0.2919814787134518,0.7047878542440893,0.003230667042458936
ACAAAGGATTCCAT-2,0.10264091892491349,0.43036215049043974,0.4669969305846467
ACAAATTGAGCGTT-2,0.19700357198121898,0.20892660516991068,0.5940698228488704
ACAAATTGAGGCGA-2,0.26880577775500547,0.36400775990692924,0.3671864623380653
ACAAATTGATTCGG-2,0.008098197682500164,0.6996191560031234,0.2922826463143765
ACAAATTGCAAGCT-1,0.19464684492260786,0.40244165080967115,0.402911504267721
ACAAATTGCAGTCA-1,0.26508477674198194,0.21158619361079892,0.5233290296472192
ACAAATTGCCTTTA-2,0.3641908762616519,0.4276016601983881,0.20820746353995997
ACAAATTGCTTGGA-1,0.004996285901553001,0.005256896812876066,0.9897468172855709
ACAAATTGGATGAA-1,0.976249210066233,0.0009973506013206059,0.022753439332446408
ACAAATTGGCGAAG-2,0.36735224632375607,0.6315289793410728,0.001118774335171175
ACAAATTGGGAACG-2,0.2505353881489865,0.37472052101876,0.3747440908322535
ACAAATTGTAACGC-1,0.3001520729808849,0.34969737782870836,0.35015054919040667
ACAAATTGTACGAC-2,0.27776540192029403,0.36109935159277895,0.361135246486927
ACAAATTGTCACCC-1,0.07912025142888829,0.2928637523662673,0.6280159962048444
ACAAATTGTCACCC-2,0.32080905195812554,0.21094540617395288,0.46824554186792156
ACAAATTGTCTATC-1,0.2760946940278308,0.36171218113416875,0.3621931248380005
ACAAATTGTGAGAA-2,0.07098947061219402,0.46352696478428335,0.4654835646035226
ACAAATTGTGGTAC-1,0.396399432576975,0.6012229237710652,0.0023776436519597423
ACAACCGAACACGT-2,0.4307483120048632,0.02778533148921481,0.5414663565059219
ACAACCGAAGAGTA-2,0.41480301374349265,0.018023497929852694,0.5671734883266546
ACAACCGACAGTCA-1,0.2095732041237761,0.7828961154503024,0.0075306804259215486
ACAACCGAGACAGG-2,2.2862317944121093e-05,1.1150785510588195e-09,0.9999771365669774
ACAACCGAGATGAA-1,0.2876407716614081,0.33353518115562886,0.3788240471829631
ACAACCGAGCATCA-2,0.03511195845659273,0.4951777469287724,0.46971029461463487
ACAACCGAGTGCAT-2,0.48523043034089175,0.2614804201552556,0.2532891495038526
ACAACCGATGATGC-1,0.17697153946935168,0.4850567890046086,0.3379716715260397
ACAAGAGAACCTTT-2,0.15781024237989363,0.0022841138652485602,0.8399056437548579
ACAAGAGAACTACG-1,0.27457626703506216,0.4630433008075213,0.26238043215741647
ACAAGAGAGGACAG-1,0.026955508507623183,0.0008407898674020629,0.9722037016249748
ACAAGAGAGGATCT-2,0.11882272914274121,0.5465457615127335,0.33463150934452524
ACAAGAGATAGAAG-1,0.2677251742892258,0.7133213671885298,0.018953458522244296
ACAAGCACCATGGT-1,0.022772419611834308,0.0072768163354876006,0.9699507640526781
ACAAGCACCCGAAT-2,0.1613093180014936,0.5792830753403494,0.259407606658157
ACAAGCACCCTTAT-2,0.2982971580003955,0.3504460247841864,0.351256817215418
ACAAGCACCTTTAC-2,0.49580782941632723,0.3615947967326344,0.14259737385103835
ACAAGCACGAGACG-2,0.26545315578878576,0.37204601297638923,0.362500831234825
ACAAGCACGAGAGC-2,0.2434133344631391,0.606093873618915,0.1504927919179459
ACAAGCACGCCCTT-2,0.14234309972793796,0.5558692107819296,0.30178768949013235
ACAAGCACGGACTT-2,0.3333333333333333,0.3333333333333333,0.3333333333333333
ACAAGCACGGTTTG-1,0.27670146611993124,0.3621048941299153,0.36119363975015345
ACAAGCACTCTTTG-2,0.2222747608004201,0.2637730047851737,0.5139522344144062
ACAATAACCCTTGC-1,0.049414567934559894,0.23426313514297073,0.7163222969224694
ACAATAACCGCCTT-2,0.17160748583922925,0.5998179617008144,0.22857455245995634
ACAATAACGTCTGA-2,0.00033250198854957544,3.9828686212454575e-05,0.999627669325238
ACAATAACTCCGAA-1,0.4426066364786318,0.5530163657487512,0.004376997772616923
ACAATAACTGAACC-1,9.1393040967544e-09,0.9999999908606826,1.3233166212967509e-14
ACAATAACTGGTTG-1,0.33541049772824116,0.4590125413212788,0.20557696095048003
ACAATAACTGTAGC-1,0.20491255215849632,0.39867114104270207,0.3964163067988016
ACAATAACTTACTC-1,0.03190728922895427,0.009303767231063548,0.9587889435399822
ACAATAACTTCCAT-1,0.22847978583784925,0.5234479032991284,0.2480723108630224
ACAATAACTTTCTG-1,0.30756006128998925,0.3461978230029755,0.3462421157070351
ACAATCCTAAGCCT-1,0.19625913673335932,0.2479211671448219,0.5558196961218188
ACAATCCTATGCCA-2,0.049642400552048424,0.950355119159193,2.480288758417726e-06
ACAATCCTCCTTCG-2,0.002783880260958115,0.9834100106235684,0.013806109115473584
ACAATCCTCGAACT-1,0.3078236797972027,0.34585105924305565,0.34632526095974164
ACAATCCTCTCGCT-1,0.03134182733574432,0.4214027391179902,0.5472554335462655
ACAATCCTGGAACG-2,0.29472487678436576,0.3526376417072939,0.3526374815083403
ACAATCCTTCGACA-1,0.18921510212974416,0.4053894242505371,0.4053954736197187
ACAATCCTTGACAC-2,0.40133492862673553,0.5330899671989379,0.06557510417432652
ACAATCCTTTGCTT-2,0.3109321397748806,0.22320165335314646,0.4658662068719729
ACAATTGAAACCGT-1,0.016248995121317267,0.0006591963481455837,0.9830918085305371
ACAATTGAAGAGTA-1,0.29472487678436576,0.3526376417072939,0.3526374815083403
ACAATTGAAGGTCT-1,0.38293784425507554,0.06739680542751718,0.5496653503174073
ACAATTGAAGTAGA-1,0.9573431265923916,0.03128335100051325,0.011373522407095155
ACAATTGAATTCTC-1,0.3952778921644861,0.03733567782887755,0.5673864300066362
ACAATTGACATGGT-2,0.5391765152534982,1.903970279832027e-05,0.4608044450437036
ACAATTGACTCTCG-2,0.25069071985918995,0.20222632290576306,0.547082957235047
ACAATTGAGAGGAC-1,0.2184422719764948,0.5135420116892576,0.2680157163342476
ACACAGACACGTAC-2,0.16850180695299308,0.8177426821856991,0.01375551086130771
ACACAGACCACCAA-2,0.23071948794801225,0.612297618176893,0.1569828938750947
ACACAGACCCAAGT-2,0.13914992785014035,0.43042437348606116,0.4304256986637984
ACACAGACCCCAAA-1,0.10205313502406131,0.44606028375487217,0.4518865812210666
ACACAGACCCTGTC-1,0.05374725578226518,0.6607504659579531,0.2855022782597817
ACACAGACGCAAGG-1,0.27540271167220937,0.40545117721873686,0.31914611110905383
ACACAGACTACGCA-1,0.3324234999552407,0.3280473114155405,0.3395291886292189
ACACAGACTCAAGC-1,0.11977301103051691,0.3939311558786686,0.4862958330908145
ACACAGACTCAGGT-1,0.019142206372906062,0.9807789254507102,7.886817638375669e-05
ACACAGACTGACTG-1,0.30932384111779543,0.4770324812811146,0.21364367760109002
ACACAGACTGAGAA-1,0.33244733943926114,0.21874834731347792,0.44880431324726094
ACACATCTACCACA-2,0.240879511637664,0.37213556191495023,0.3869849264473858
ACACATCTACCTGA-1,0.3316887989140399,0.32995711081722334,0.33835409026873675
ACACATCTAGTCAC-1,0.27948841480478903,0.4692922872319284,0.2512192979632826
ACACATCTCAGATC-1,0.014644883588828582,0.9853505910405236,4.525370647720706e-06
ACACATCTCATACG-1,0.00014146117081009698,0.17215433523184073,0.8277042035973492
ACACATCTGACACT-2,0.44306274348902064,0.2433354397972092,0.31360181671377013
ACACATCTGCTGTA-2,0.4413520372795629,0.32866308771136615,0.22998487500907097
ACACATCTGGGAGT-2,0.30300583600221304,0.3485004447023192,0.3484937192954677
ACACATCTTCCCGT-2,0.3773144788845971,0.26754349477942124,0.35514202633598163
ACACATCTTGCACA-2,0.12661118066466776,0.5628640027482519,0.31052481658708037
ACACATCTTTGCTT-2,0.13640563244446963,0.5881686442378768,0.2754257233176536
ACACATCTTTTACC-1,0.2680582856145586,0.3684164724199255,0.36352524196551594
ACACCAGAACCCTC-2,0.12496862405614534,0.4375118015556114,0.43751957438824324
ACACCAGAACGGTT-1,0.0997411866066317,0.26142654798944637,0.6388322654039219
ACACCAGACCTGAA-1,0.011124115627173223,0.8286343927964082,0.16024149157641857
ACACCAGACGACTA-1,0.33486929903261653,0.6605772223379661,0.0045534786294173235
ACACCAGAGTGCAT-2,0.15264366493167986,0.4913874837550961,0.35596885131322403
ACACCAGATAGCCA-2,0.3016280930079079,0.5736563364553162,0.1247155705367759
ACACCAGATCGCTC-1,0.2509725744161755,0.3745660865061535,0.37446133907767104
ACACCCTGAAAACG-1,0.03004045316521493,1.0077317232819099e-05,0.9699494695175522
ACACCCTGAGAGAT-1,0.2755983143016292,0.35360822805354103,0.3707934576448297
ACACCCTGCGCCTT-1,0.012766561553664634,0.5922405908314708,0.3949928476148645
ACACCCTGTTTACC-2,0.3207147690952629,0.33131469448935824,0.34797053641537873
ACACGAACAACGGG-2,0.14713502795827557,0.2934322241387233,0.559432747903001
